-5 0.0384615 0.0443913 0.0384615 0.0384615 0.0384615 0.0384615
-4.90099 0.0399685 0.0369343 1.22191 0.0404776 0.0399653 0.0405259
-4.80198 0.0415645 0.0473388 1.79766 0.0424936 0.0415541 0.0425873
-4.70297 0.0432565 0.0466897 1.95887 0.0445097 0.0432382 0.0446431
-4.60396 0.0450522 0.0416522 1.85389 0.0465257 0.0450278 0.0466902
-4.50495 0.0469603 0.0404371 1.5942 0.0485417 0.046933 0.0487258
-4.40594 0.04899 0.0449378 1.26117 0.0505578 0.048964 0.0507471
-4.30693 0.0511518 0.0524568 0.912041 0.0525738 0.051131 0.0527512
-4.20792 0.0534571 0.0592434 0.584886 0.0545898 0.0534443 0.0547352
-4.10891 0.0559186 0.0629069 0.302902 0.0566059 0.055914 0.0566963
-4.0099 0.0585504 0.0631759 0.0779813 0.0586219 0.0585503 0.0586315
-3.91089 0.0613683 0.0614547 -0.0863002 0.0624927 0.0613588 0.0607057
-3.81188 0.0643897 0.0598515 -0.19224 0.0665696 0.0643554 0.0631705
-3.71287 0.0676342 0.0602284 -0.246022 0.0706465 0.0675711 0.066042
-3.61386 0.0711238 0.0635878 -0.256133 0.0747234 0.0710369 0.0693343
-3.51485 0.0748829 0.0698883 -0.232134 0.0788002 0.0747838 0.0730615
-3.41584 0.0789392 0.0782252 -0.183723 0.0828771 0.0788428 0.0772378
-3.31683 0.0833238 0.0872324 -0.120053 0.086954 0.0832451 0.0818772
-3.21782 0.0880718 0.0955448 -0.0492646 0.0910309 0.0880216 0.0869939
-3.11881 0.0932228 0.102188 0.0218066 0.0951077 0.0932033 0.0926019
-3.0198 0.098822 0.10681 0.0877836 0.0991846 0.0988213 0.0987154
-2.92079 0.10492 0.109733 0.144783 0.103262 0.104907 0.105348
-2.82178 0.111577 0.111832 0.190365 0.107338 0.11149 0.112515
-2.72277 0.118857 0.114308 0.223415 0.111415 0.118603 0.12023
-2.62376 0.126837 0.118399 0.24398 0.115492 0.126277 0.128506
-2.52475 0.135605 0.125124 0.253078 0.119569 0.134542 0.137359
-2.42574 0.14526 0.135085 0.252485 0.123646 0.143429 0.146802
-2.32673 0.155917 0.148376 0.244523 0.127723 0.15297 0.156849
-2.22772 0.167708 0.164606 0.231851 0.1318 0.163196 0.167514
-2.12871 0.180785 0.183019 0.217272 0.135877 0.174137 0.178812
-2.0297 0.195324 0.202689 0.203554 0.139953 0.185824 0.190756
-1.93069 0.211525 0.222745 0.19328 0.100959 0.170456 0.0882272
-1.83168 0.229618 0.242583 0.188717 0.102975 0.179337 0.0888686
-1.73267 0.249865 0.26204 0.191719 0.104991 0.188619 0.0894183
-1.63366 0.272565 0.281478 0.203655 0.107007 0.198313 0.0898733
-1.53465 0.298048 0.301785 0.225367 0.109023 0.208428 0.0902307
-1.43564 0.326683 0.324273 0.257149 0.111039 0.218974 0.0904878
-1.33663 0.358862 0.350508 0.298756 0.113055 0.229963 0.0906416
-1.23762 0.39499 0.382063 0.349435 0.115071 0.241404 0.0906892
-1.13861 0.435456 0.420264 0.407972 0.117087 0.253306 0.0906279
-1.0396 0.48059 0.465937 0.472759 0.119103 0.265682 0.0904546
-0.940594 0.530584 0.519201 0.541866 0.529703 0.531363 0.534746
-0.841584 0.58539 0.579335 0.613135 0.579208 0.589768 0.596992
-0.742574 0.644572 0.644738 0.684268 0.628713 0.653317 0.662458
-0.643564 0.707126 0.71299 0.75292 0.678218 0.719099 0.728607
-0.544554 0.771284 0.781013 0.8168 0.727723 0.784201 0.792902
-0.445545 0.834369 0.84531 0.873752 0.777228 0.845713 0.852806
-0.346535 0.892788 0.902266 0.921841 0.826733 0.900721 0.905781
-0.247525 0.942269 0.948471 0.959428 0.876238 0.946314 0.94929
-0.148515 0.978419 0.981037 0.985225 0.925743 0.979581 0.980796
-0.049505 0.997555 0.99787 0.998349 0.975248 0.99761 0.997762
0.049505 0.997555 0.99787 0.998349 1.02475 0.997489 0.997651
0.148515 0.978419 0.981037 0.985225 1.07426 0.976305 0.977925
0.247525 0.942269 0.948471 0.959428 1.12376 0.931149 0.936047
0.346535 0.892788 0.902266 0.921841 1.17327 0.859107 0.86948
0.445545 0.834369 0.84531 0.873752 1.22277 0.757268 0.775687
0.544554 0.771284 0.781013 0.8168 1.27228 0.622719 0.65213
0.643564 0.707126 0.71299 0.75292 1.32178 0.452551 0.496272
0.742574 0.644572 0.644738 0.684268 1.37129 0.24385 0.305577
0.841584 0.58539 0.579335 0.613135 1.42079 -0.00629573 0.0775063
0.940594 0.530584 0.519201 0.541866 1.4703 -0.300797 -0.190477
1.0396 0.48059 0.465937 0.472759 0.16144 0.652754 0.055892
1.13861 0.435456 0.420264 0.407972 0.163456 0.678103 0.0525316
1.23762 0.39499 0.382063 0.349435 0.165472 0.704158 0.0489934
1.33663 0.358862 0.350508 0.298756 0.167488 0.730931 0.0452745
1.43564 0.326683 0.324273 0.257149 0.169504 0.75843 0.0413719
1.53465 0.298048 0.301785 0.225367 0.17152 0.786668 0.0372829
1.63366 0.272565 0.281478 0.203655 0.173536 0.815653 0.0330046
1.73267 0.249865 0.26204 0.191719 0.175552 0.845396 0.028534
1.83168 0.229618 0.242583 0.188717 0.177568 0.875907 0.0238684
1.93069 0.211525 0.222745 0.19328 0.179584 0.907196 0.0190049
2.0297 0.195324 0.202689 0.203554 0.19703 0.195318 0.195785
2.12871 0.180785 0.183019 0.217272 0.187129 0.180689 0.182349
2.22772 0.167708 0.164606 0.231851 0.177228 0.167477 0.169833
2.32673 0.155917 0.148376 0.244523 0.167327 0.155566 0.158202
2.42574 0.14526 0.135085 0.252485 0.157426 0.144838 0.147424
2.52475 0.135605 0.125124 0.253078 0.147525 0.135179 0.137465
2.62376 0.126837 0.118399 0.24398 0.137624 0.126471 0.128291
2.72277 0.118857 0.114308 0.223415 0.127723 0.118597 0.119869
2.82178 0.111577 0.111832 0.190365 0.117822 0.111442 0.112165
2.92079 0.10492 0.109733 0.144783 0.107921 0.104888 0.105145
3.0198 0.098822 0.10681 0.0877836 0.0980198 0.0988196 0.0987767
3.11881 0.0932228 0.102188 0.0218066 0.0881188 0.0931201 0.0930254
3.21782 0.0880718 0.0955448 -0.0492646 0.0782178 0.0876729 0.0878578
3.31683 0.0833238 0.0872324 -0.120053 0.0683168 0.0823617 0.0832404
3.41584 0.0789392 0.0782252 -0.183723 0.0584158 0.0770698 0.0791397
3.51485 0.0748829 0.0698884 -0.232134 0.0485149 0.0716809 0.0755219
3.61386 0.0711238 0.0635878 -0.256133 0.0386139 0.0660785 0.0723536
3.71287 0.0676342 0.0602284 -0.246022 0.0287129 0.060146 0.0696012
3.81188 0.0643897 0.0598515 -0.19224 0.0188119 0.0537671 0.067231
3.91089 0.0613683 0.0614547 -0.0863002 0.00891089 0.0468252 0.0652096
4.0099 0.0585504 0.0631759 0.0779813 0.0586219 0.0585503 0.058521
4.10891 0.0559186 0.0629069 0.302902 0.0566059 0.055914 0.0555094
4.20792 0.0534571 0.0592434 0.584886 0.0545898 0.0534443 0.0525632
4.30693 0.0511518 0.0524568 0.912041 0.0525738 0.051131 0.0497419
4.40594 0.04899 0.0449378 1.26117 0.0505578 0.048964 0.0471045
4.50495 0.0469603 0.0404371 1.5942 0.0485417 0.046933 0.0447104
4.60396 0.0450522 0.0416522 1.85389 0.0465257 0.0450278 0.0426188
4.70297 0.0432565 0.0466897 1.95887 0.0445097 0.0432382 0.0408888
4.80198 0.0415645 0.0473388 1.79766 0.0424936 0.0415541 0.0395798
4.90099 0.0399685 0.0369343 1.22191 0.0404776 0.0399653 0.038751
5 0.0384615 0.0443913 0.0384615 0.0384615 0.0384615 0.0384615
