-5.000000 0.038462 0.044391 0.038462 0.038462 0.038462 0.038462
-4.900000 0.039984 0.037059 1.230317 0.040498 0.039981 0.040547
-4.800000 0.041597 0.047435 1.804385 0.042534 0.041587 0.042629
-4.700000 0.043309 0.046549 1.958952 0.044570 0.043290 0.044705
-4.600000 0.045126 0.041496 1.845845 0.046606 0.045102 0.046772
-4.500000 0.047059 0.040536 1.578721 0.048643 0.047031 0.048827
-4.400000 0.049116 0.045343 1.240213 0.050679 0.049090 0.050868
-4.300000 0.051308 0.052995 0.888081 0.052715 0.051288 0.052891
-4.200000 0.053648 0.059669 0.560444 0.054751 0.053636 0.054893
-4.100000 0.056148 0.063059 0.280218 0.056787 0.056144 0.056872
-4.000000 0.058824 0.063061 0.058824 0.058824 0.058824 0.058824
-3.900000 0.061690 0.061234 -0.100724 0.062941 0.061679 0.060957
-3.800000 0.064767 0.059763 -0.201296 0.067059 0.064729 0.063493
-3.700000 0.068074 0.060487 -0.249608 0.071176 0.068007 0.066446
-3.600000 0.071633 0.064306 -0.254603 0.075294 0.071544 0.069830
-3.500000 0.075472 0.071039 -0.226196 0.079412 0.075372 0.073659
-3.400000 0.079618 0.079659 -0.174335 0.083529 0.079523 0.077949
-3.300000 0.084104 0.088728 -0.108315 0.087647 0.084030 0.082713
-3.200000 0.088968 0.096883 -0.036317 0.091765 0.088923 0.087967
-3.100000 0.094251 0.103221 0.034873 0.095882 0.094236 0.093724
-3.000000 0.100000 0.107509 0.100000 0.100000 0.100000 0.100000
-2.900000 0.106270 0.110205 0.155359 0.110000 0.106220 0.106814
-2.800000 0.113122 0.112300 0.198726 0.120000 0.112960 0.114209
-2.700000 0.120627 0.115063 0.229227 0.130000 0.120340 0.122233
-2.600000 0.128866 0.119742 0.247154 0.140000 0.128480 0.130932
-2.500000 0.137931 0.127298 0.253755 0.150000 0.137500 0.140355
-2.400000 0.147929 0.138228 0.251021 0.160000 0.147520 0.150550
-2.300000 0.158983 0.152495 0.241449 0.170000 0.158660 0.161564
-2.200000 0.171233 0.169580 0.227840 0.180000 0.171040 0.173446
-2.100000 0.184843 0.188636 0.213086 0.190000 0.184780 0.186242
-2.000000 0.200000 0.208700 0.200000 0.200000 0.200000 0.200000
-1.900000 0.216920 0.228935 0.191159 0.230000 0.216860 0.214868
-1.800000 0.235849 0.248845 0.188778 0.260000 0.235680 0.231387
-1.700000 0.257069 0.268424 0.194618 0.290000 0.256820 0.250200
-1.600000 0.280899 0.288227 0.209914 0.320000 0.280640 0.271948
-1.500000 0.307692 0.309330 0.235347 0.350000 0.307500 0.297273
-1.400000 0.337838 0.333202 0.271024 0.380000 0.337760 0.326815
-1.300000 0.371747 0.361484 0.316505 0.410000 0.371780 0.361218
-1.200000 0.409836 0.395738 0.370833 0.440000 0.409920 0.401122
-1.100000 0.452489 0.437164 0.432596 0.470000 0.452540 0.447169
-1.000000 0.500000 0.486352 0.500000 0.500000 0.500000 0.500000
-0.900000 0.552486 0.543096 0.570954 0.550000 0.554500 0.559715
-0.800000 0.609756 0.606284 0.643163 0.600000 0.616000 0.624242
-0.700000 0.671141 0.673904 0.714228 0.650000 0.681500 0.690967
-0.600000 0.735294 0.743148 0.781747 0.700000 0.748000 0.757276
-0.500000 0.800000 0.810625 0.843407 0.750000 0.812500 0.820554
-0.400000 0.862069 0.872636 0.897080 0.800000 0.872000 0.878188
-0.300000 0.917431 0.925513 0.940902 0.850000 0.923500 0.927564
-0.200000 0.961538 0.965955 0.973346 0.900000 0.964000 0.966067
-0.100000 0.990099 0.991344 0.993278 0.950000 0.990500 0.991084
0.000000 1.000000 1.000000 1.000000 1.000000 1.000000 1.000000
0.100000 0.990099 0.991344 0.993278 0.950000 0.990500 0.991073
0.200000 0.961538 0.965955 0.973346 0.900000 0.964000 0.966045
0.300000 0.917431 0.925513 0.940902 0.850000 0.923500 0.927533
0.400000 0.862069 0.872636 0.897080 0.800000 0.872000 0.878150
0.500000 0.800000 0.810625 0.843407 0.750000 0.812500 0.820511
0.600000 0.735294 0.743148 0.781747 0.700000 0.748000 0.757231
0.700000 0.671141 0.673904 0.714228 0.650000 0.681500 0.690926
0.800000 0.609756 0.606284 0.643163 0.600000 0.616000 0.624209
0.900000 0.552486 0.543096 0.570954 0.550000 0.554500 0.559695
1.000000 0.500000 0.486352 0.500000 0.500000 0.500000 0.500000
1.100000 0.452489 0.437164 0.432596 0.470000 0.452540 0.447195
1.200000 0.409836 0.395738 0.370833 0.440000 0.409920 0.401177
1.300000 0.371747 0.361484 0.316505 0.410000 0.371780 0.361303
1.400000 0.337838 0.333202 0.271024 0.380000 0.337760 0.326926
1.500000 0.307692 0.309330 0.235347 0.350000 0.307500 0.297402
1.600000 0.280899 0.288227 0.209914 0.320000 0.280640 0.272086
1.700000 0.257069 0.268424 0.194618 0.290000 0.256820 0.250333
1.800000 0.235849 0.248845 0.188778 0.260000 0.235680 0.231498
1.900000 0.216920 0.228935 0.191159 0.230000 0.216860 0.214935
2.000000 0.200000 0.208700 0.200000 0.200000 0.200000 0.200000
2.100000 0.184843 0.188636 0.213086 0.190000 0.184780 0.186149
2.200000 0.171233 0.169580 0.227840 0.180000 0.171040 0.173246
2.300000 0.158983 0.152495 0.241449 0.170000 0.158660 0.161257
2.400000 0.147929 0.138228 0.251021 0.160000 0.147520 0.150146
2.500000 0.137931 0.127298 0.253755 0.150000 0.137500 0.139880
2.600000 0.128866 0.119742 0.247154 0.140000 0.128480 0.130423
2.700000 0.120627 0.115063 0.229227 0.130000 0.120340 0.121741
2.800000 0.113122 0.112300 0.198726 0.120000 0.112960 0.113800
2.900000 0.106270 0.110205 0.155359 0.110000 0.106220 0.106564
3.000000 0.100000 0.107509 0.100000 0.100000 0.100000 0.100000
3.100000 0.094251 0.103221 0.034873 0.095882 0.094236 0.094067
3.200000 0.088968 0.096883 -0.036317 0.091765 0.088923 0.088708
3.300000 0.084104 0.088728 -0.108315 0.087647 0.084030 0.083857
3.400000 0.079618 0.079659 -0.174335 0.083529 0.079523 0.079453
3.500000 0.075472 0.071040 -0.226196 0.079412 0.075372 0.075430
3.600000 0.071633 0.064306 -0.254603 0.075294 0.071544 0.071727
3.700000 0.068074 0.060487 -0.249608 0.071176 0.068007 0.068278
3.800000 0.064767 0.059763 -0.201296 0.067059 0.064729 0.065020
3.900000 0.061690 0.061234 -0.100724 0.062941 0.061679 0.061890
4.000000 0.058824 0.063061 0.058824 0.058824 0.058824 0.058824
4.100000 0.056148 0.063059 0.280218 0.056787 0.056144 0.055779
4.200000 0.053648 0.059669 0.560444 0.054751 0.053636 0.052795
4.300000 0.051308 0.052995 0.888081 0.052715 0.051288 0.049934
4.400000 0.049116 0.045343 1.240213 0.050679 0.049090 0.047256
4.500000 0.047059 0.040536 1.578721 0.048643 0.047031 0.044823
4.600000 0.045126 0.041496 1.845845 0.046606 0.045102 0.042696
4.700000 0.043309 0.046549 1.958952 0.044570 0.043290 0.040935
4.800000 0.041597 0.047435 1.804385 0.042534 0.041587 0.039601
4.900000 0.039984 0.037059 1.230317 0.040498 0.039981 0.038757
5.000000 0.038462 0.044391 0.038462 0.038462 0.038462 0.038462
